$ANSIBLE_VAULT;1.1;AES256
30663639616331623431376166303539336366633638656530633830353034323437353364373161
6465306538303666306336333631656538353862663331350a363336616166636637666237333265
36343536313331613236643839333533306430363664336565356661636531343564646537353065
3233643537326530660a616164393632363833633966343861396531326438363036316266366365
62356564326264303937383634636632333331343035383034383332656232636338323262303537
39663437363332376631636337653135316562396332376138613036383961666135363266313538
35313865633461643637393832643730383265666630646235363039333334363237613265343530
32383135383338313162363361336634626439616634386636653133386336613164383838623338
38376463336537383937663633316533383335396436373439376565353866653937613565643937
64396436326266643564393033653738663863666662666337636666376565376564633131613461
39343631663630333062306234333130313966613432643135613034363663386339633665363738
63666361653861646665326434306633656464353465393931616438663730663736346339323233
31343937326539613932393238393432346532393862326630613534383537316434303034366533
63396463323431363233383466326536316438633839356266646638333731373163383664643734
36303661353639316531316463383862323161633036383163613630343039393733376531376332
64653261363866366239333239663833346539343063383164613063336536346532623636633864
65316437393561306136643933303264373139393066646230383331633362316461626361623730
39633134356539653964616130633830636365616461326163346263643831343334343730303466
37306238656438643762373234656233333436613231633039313661663834363864373938373065
34623236323035643335376164333038343463316536383036353236363163383265326465323830
62633734376631663637343361633235323932613831396262373964313265636262303239356233
39306336636332373266323763373636636631346164356334626138373438326430643839623638
39343038326232633231656164653165343562396330643064653963316164613734316430653965
63613335653830646438326633316566653838303238363361386462613064356662303465373534
38663938316633316364323263383561333835373533613366663566353063376430616364643636
39326662363739656433623232653935633931646238393433633136373730383532366363663865
34636536383735353766306365306261343861376566366438663730336466613162326431306463
65643338383466383239653432303061316566646234353132383237376635363965626633363834
63646630393038333136616530643633643532646630306130666230313261396563366338313232
64313236383739636264363037373563326263333363626366313332353139656239386238313339
64653934613932343031623330303466666165363966636239626163303365333734626166393361
33656162643364656365306661663466386138326539333436323261386636316131326435333763
36633731323463366333636362666462346630656366343865336638363063666364633365633035
64663535326433653836363838643239383666353666396335356637306636656331313335306633
62623435323630633633666165666337363934306662313638383733613832363130373432333132
33363138383330643739333665353838623436303665643633303566616430613335356439663866
62303136316633663862353933373164666233373732376631333831346165643535623439663332
65653630633562376338376163633562386364646164653464373535636635646235626563346630
63303838383233393561313037363862396166653363336164623762383261653662653261333165
32393961373733653233643562613666646362636563383830323964396339343131643838393735
63366434633236326562383031623638623130363633613235656165666230636137653762623765
30663561356462636535323833623863343263303435333663633036623861356137663836363431
61386664393964636561313265616438336231323865393738353161353461633463333737333036
37303836643166393138303536636365366130363833323031306239343861646263353862373235
36636664643332326664373038333732623466663132643232646561613035373932663862323561
31613032346338653062386633323564656562306434633730393665313438323337386133623066
63353531323562353566343161393238323232653636386537626264623063346633636133353363
66666466346639626637376333396134373738626638623766653737303331333266303831646664
39656562663732623934633137363436306137663934613439353530393634616631343061386537
62666463386331633538656235316139316439316139613530383831306462626662353164613632
37393332383539396634303138383662363262616432343635363761393031303337366138323138
64623533636333653133383333313166376366383933646361623366383135363666343532336335
63643533653930393365393562663337313632366634633634393962663232363334633762646663
30653966666264636265343730313134623533613432363265306263356337343337616436316335
39353063383834376130376563636662663838393832613566303934356337383362353438393739
64383365623836383566653534316461343836633364643165386561353664663936633666363638
66386631646432666264323532313230396530323732363334343331613738316130383031363533
61633033336231653131396431306639623632393233663936356265333865396364383534326661
37663433313066336430646638313162646537363335636262326361336364613063383964623934
31646131333531636430376362366431353766343938326464366334346232353361356430353963
63343339366566653039623934366630366163393236333964306662636365613033343330333363
66306437316561636165656564643334643662376334323261633466656135646566333132376461
33323632386165653138663333613837663731386265623830366132383135383031323466336437
62376362363930366636343961633835653330363966333636613037303061383166336463386163
37326464303463653162633065336339366364656134323230313433663633323932626130343930
34656162366335343336313165316636343765383739353932393465353133353661333530326138
39326138346638366130353337646265666635303165626466343039633939316366613936626631
34373136396532396463356531393564303934343039396561313332316339336430663766343934
39643735633463386133633733326138663135363832313235303333386237333966633131653066
62356564323139313364363033316131336230323366353530643266653363656363323131613733
36623231613162396138313631336533346231613739356133316636376366323839616130653633
35666435653134653837356232356463333963343832363538323463306265393639323331666265
62383030643936626437633562383135656465656634353238323237333031626438613332393635
64303031646336343630303930343861343133663533663338333735353065303932313462613138
62333563396439326161343035396531353934393437396365663064653039343330616336383238
64353164653338306265303666663964646135646161306664653161356130626633306234393339
66633266636165383164616634313633303864616138343634303166383831326636343137626365
64396230333537323931303138306332316636353330303533643132643839613134396232316166
61366136383539373863373130386438343866303666343436343864343336336630333231353334
39363963333934396666343635333430653236653631396130386130613135656636376135366632
63353638356236303461396266313434626134346630633036633062376462626361386134616432
32313132393164393038323763346639303762336565393534613536613838633732623064303330
34326432623530316164383139393537326364316539376538383436356364616262613638313434
35343134316633623162326161646161383837653537616366656261366663626363616562303665
64353833326330653965626635633933373038356436323334313465613934346234663931623536
38363430613161656237653635663466653333363666383332623035616431336437303331373634
31303830366339323531323165343233653232353335306336666538313261333463363931623134
35623530316332376466386334376339613930656264323364616131393637626366303136336465
36396134393161643636616432306638643163626331613535663262303165633666633064633837
38303431616635326264333261316535303132303966306164356330373733313839623363383731
31623030643333306361363762376631643965663531323636376338333838326666323464393433
66663939623130346464303365363931623161336361373463613764626639663266363033326163
62393661383330313737623539303337626661646565633136623132396266646665333038353839
34646532626561386166636461626163383537643836393033316539333832373062626634376231
37373935633865356431633162333961356264656466633238376238323965653132656664313835
34306332643233653431353234336631636662363763356434363933393937333534373538633564
32333836323862633038663961313734386133386230616130343861623462616566376364643962
30383165393766366165353162303436346239653034353134616631333431646137616562323865
35643563376235356538356137656562346539356135613263326364663766623731336332656164
62343563346161636238626462356133653636346436396166343832343133363730336361393839
34343165646533633835386139303338363362333431653730333930663434396233363435363136
32663634326665343438656364343231343866623732353365323231343862663837323933346436
66343664336337386365653463386233373733653538313137363161646538613934373431366437
35393232313462646336663933356431316436383430633763613937323830396532663834636363
61353230353437323337363131633463376162393531333062333564306432333565613432316139
65323636633863643966613965373236656438323330613866616335393465343131313763626138
34656436663264363861373230383465316134313232306537643136333737643733303930663435
65636263616464336136313963656663343932323633306235336561623664633833363230663039
35383637336263353764393031306431646166636533656634343865343634333534646330336437
62326533313138616537376464643266393830303731666561343564353630383063663835306335
36623437323966623432326162353433613337373835646237376538623036316563656332633837
61343232326563373233663732633434663761346131393630373663373939336230396437613734
63303339313834313933353666383637336636313432393931333662616636383630616265653261
34623431656436316364346361383731323630666234383663653233353333663833363531643733
34356339613463353536366663653230346530346138626265396534393362626566343233666562
61383664376635313765623162373766333734663732643334646631386664613131316663313436
63623133666234613136306466643663633538646330306630386432653265636130333363316461
39386266643537353664616234386435373634343131653865303965356266623836343039353530
65623537376434633766336662316430616465666366373531663830353732343463323361633631
33333862623436626136623062313062343737633331373637373163663964313865366635633764
33356436333062393336363063323130633135356633636130373335373738643333626566656230
64623432613736373130643363323463353064353633326466623435636663356238343266316137
61326136653665346630386363303430656463373463346265363661313639313531646561373066
62643039313733663162306233613637646336353532346166326536363465623731333136376131
61343836333738643966366665666433353833323833623431643464376337336236626132376334
66623161373934363834646565643038393439343536363833333465316338323732333438613531
35373466386665386435306563303632663938393261666361313732333263323530343330633137
64346338656638353133646133613561383036383436376462613363336562316338633437383865
30383133316535363936353338653362323838323830363364666562623834313730633164343037
65653735636331633362343263343636376338616633306163363838366263306534386338343164
61343032323734383862306161616131366331316362313037653432643562396232626333636333
61623239356530323830323964623937346665343137343436323239666261353631313330663839
61643461363232636635323637323539313862353664336261303266616133623966313838376163
61616163363261376134393665613161393439303733393361643135356563613531653266376137
356437396231366462393231333236373264
