$ANSIBLE_VAULT;1.1;AES256
30343262626334373465386662323532373964336333343436623962313837636262636263666431
3933396265363733316532346433316262393465346466660a633034626235336630663435663037
61663635353131663336356130396331666666663261393965633433643565336533303865656365
3332653231383134390a636131636364336465643634633065323438613038363036643165336464
65666261336165393932336333656134366630613162303765356566396433613931316232326364
37663561336535386633356333346236376266366231306239313261643735643566313861646564
62326438373735333132666366383630646630363831663931336532643461616261396435633231
34336234386533393161336338653633653635346538336335626566386261383765336530376338
61643866623966353236386561393365336236643063393433646434363031303334653933316362
30663031313161393331356439326533376165326634313730353462306364383833383463316131
32653337653232326364613461383863386161396438663038343032653138366531613037326432
30353061323737353736373464386137393962343163636535363665623037663030383735326662
31373534383537356565663438643234356333373963313562343738393632323632656235653138
31646662376265633661616139646634333566303533323433373232316133646338396638346561
30336638306634366463666236626261326164303531643139613139336163353237343234343431
37323566386662386635393230383334643535333036386363613336636631663061623964356437
34353363333833643537636530613732393636366561646262656562623736363135656633663131
62396135303635616631323939663138646530656332333763326633383966373564636430616139
65313164646263363130316663663662386565653532313037353661306239376538303937636330
65636239613062643331616437636631333432366235336565346636643732633031373734316235
33663038643863633161663761313362613362643535613530376531316437386433666439326363
36643061643663623932626365356361626636636166383131333063636139363233653832376662
31653036386131336631386566616465346366356539366339373637646661393462316161356562
61393730666233613463323830633963383430646138393534383736646131623938623465393266
65643035363135396638333437626631623564373763313564303430356265643065623733613538
35383434363239363563646433616562373038336332306134656535363733396461363531313762
30363964346236633665643533373734383535323037636230383566613439646437636433326331
30326636623765316634396333393261616637343463373431386564623761636565613866323837
38653338613833383538613664386636346364656634303531373964613339646531316238323331
32376232343230623139636238393135646231383765636535666366393631353566383864623939
62623934333436356262353039663638616533306139326262323966366539363335396434373662
33623966633833313534666637633862383063653835306235366263643939303764313563313630
35623832386439376534386232303165336135666332643836663637636434393935363733373762
34616231313664333764303965626532613061353039666535353434343563613330633564623532
62386533383264626461663863323763326638323163306131393936663833366165663136326436
30623432316635356461633562386633356334303038636436386130366163326365303736633466
61333861613266373730353065633866313435316163326530376565393862346433656139663565
32666534643638666262316338363736636631633363386332346132333634386262656338353634
61366634346131363761633864386537366665313636396334353933363063653636656664636465
36646130653137643636306633373065366535613839366432386637663235376134313337626638
62326430363234386133613733303664663234323265313730653431356233303465373165656234
63356434326434633565353039376565383166323735633034643838303032326339613332366437
36393633343930646538356537633936663532623165353033393138326263643530343238336130
37336333653439396632653233373265376663373836636531346533313561303237343331643238
62306335376564366635333137626137653432323562323034396231336164363833626137613062
34346662303464373638303065656537306262386631386432623439616230396562333161326332
65623235636332666531326661633933656366363033623165623532316566313365383065326534
38653861363032343230333234323036363434326261663838626537393736643764323837363364
62386564396536383166353264393630316339323763333764386533393437643364353837643161
30613135393830343230393435383235353163343066333830343763383238386631393835313065
32656337653564316362663335653963386264653430306135373839303435633336633361306234
34666234383239663236316430383637613238313164363231346333623763353731303864323439
64376539616231643935333536326130393839303534383833333239383436386362623232326464
66343732306235353131333936313064303261626430323465383738633564633561323132333132
30653935323161356233306262396265363438303633623933353061626161663936373564653535
32633861316462663036613830316665636534323338643037626265363732613037656532363066
64666661333730303737383131373435303636346335303435373333616634333237373034353665
34613734646162363366363836383937646261623233616439303264356161643131643432623466
35623030336635323634323162353764666630353064323238343665656462636162333536353537
32353038363461653133376561643539333937373036373231333033386530653132643062636532
32386537323263313230366262376265313463343066363734633761643530613535343733323438
66616238353437316461313034316465386161376434346465343564346536323662643033643264
36333862626436323736343065326363313339383431643062383735623363396235616239633939
36383339656231626635623966313061636630636534316365373465353961333464666265333665
66366262643830376235383130376135353038613439343132353565313434653830323532613530
39383531306135306538373333623934643436376533333361646231633561373738393864646432
66313632643435316432623166646331626232383536633861626164336363646563343035353538
31626635363030383636356439373165666164633831316531383230643565636634396432373834
61646265323239383962333339613261633765653461306230663433623635306133613834643933
35656530313530333434356536343461366464616638353865313662646362373137306364623261
37333633316335326265343336346462303736356365363961663730363730636530323665343936
33653633313463636163316132393261643361363030376433356432303161613739643063633263
34393932313561346266336563363131393161373636323632376566623834623135623136653539
36623930646261373733393330353934373935653265663961343266633366316439363132313962
65636435393665303365343932383165316231323430366238326134313964326165643632363465
66363331663532333661646264623464623838656335336162313038633932303537666539346463
30396362313337613362363033323831383163616662663665353431393032306163313866663336
39313838376535626439313030373236313536656562643565326232626630636138393364336362
65643435653865386436613664366632386232356264383837323034656231343832333565323665
64336664303363623531356461633666346137386337323033636564393439333131363334326639
37383739376238653733373465653535313362393963626136373738333930393134333431333861
35656538616332343935373534656135646662323735386537666465396535333361626630373163
37616265663734386239316230646134393364643435393431303336623566363238663439343130
39396534613264616562386639643564333932313861303130303765363038656331643534356132
38666331613232663466656364343331626365356635353232626632643066656238323539346436
37353634613534343832613966366362336237356561353033396434383035386330303230366335
35663866383138633830363035656331326661616566316164326163646331343163306236376633
61636436316263313137356131326462316436313438663062386237626664323361373132343838
37366363363634653165643238653161663363313062653731643338386663633737613336633433
63653563663734353961333464613531303237623761653734326162376564626461383766383865
65333034613265373934353338376264336332313132343765663934386265303037626531636335
64346366376631376534393038616531663132326535376339643165376533386336343539613465
37663431376563613736653337613163373433633465613533353632356237336635353433303230
65613433613238633830323235613563653563336233353136666661613662386363616462316366
34623532363730663830336465623538323663373139326338316632373333626361626562613666
36653039373032363361313339643039656535373432623539326332336133363930376231633864
32323139396533393130613930623965386331386632396232643432313130643333333137386634
31343638656333306462616631303135333533666263643638383635623966376139336566643232
63383131613961336461663666393536636330313831653832393039663366646566666236363463
64663233646337353938383737393965336133636434326533613165333662663333393764343162
39313431346162653335333863316539366464323966616661353463653763666137373362323134
35623736323064363666663436613434633564353230666233306165613562363630376430633635
34353033663063656630656462333230643361323264633932363865613031366238623861613039
35643333383237383562613336333662303535343238306366333337363762306236623730656233
39613066346165356463396331626263386131363437643865633033393339313430326130303837
39303534653830373433353330303335353732613133656534323332616161613037623938343666
37363766343165313130653861633734306232633561643965336562313137636162383738316331
62323861373064373933653634303838323334366639663236323435346134626139396166623631
64326134336636383764666636313338363461343362333062326239333135636139346639396166
32343731323965653636313665383639323430333462366263303835316536383433656361326539
36323137653938336438613734366538396261366563313237643237303664326335393166626631
64613136633665353662666131623038313265316238373336373362643032326636336431623066
66356334653637373830643533623562333538346639323430373762663165353132633962623335
30663062316332303637303962306663353437313237313865626331393536326239636463663135
32663233306536633564666532376463373337643564366162346435656331323137663161386661
64656439323933306431373138653234383465323866316164646530656137376131333339626465
65653237653630393461663437613831353834383033633066393865313236346430363264393933
62396434346130643338653566333830653235376464303539643339366532653432333261306461
64626362306132316564643432613862336539376438653565343463643135633930636138386635
61346463633539313566373363363635653439313632383635313136613732626331333030386466
38363761636538633736636431343538333734633062636336323961626134326332313831666536
64343230336539623564356139326563313135343239333335633265363032643834336562303164
34393161623563643961646134356664306331643666643664653335363464373233333139666331
37663163653436336136356661393061306634356532343738316137643737396639323930663732
64343937326334643938386433303537366132616463616263333261343935353637393065613736
64656138613761373966613030653533383035313030353631643634333062363762333163636365
62343566316361663436616364323065376264633564316263363330303366636364303563333532
64326339323236346537303763303662326534616532366138663937663462396163383338343766
39616537343330616537623839643630366530316263656635323962303361633831323437396262
61393237393739633132336365613539323236306262613239323534393335616263626334366430
61383833396437346236393936306566386636373131303336343866306632343832346461363834
35383830366561663833323864656539376261363436306235303964633133653934633965383365
32396561633031643764643364373636633138643732356666633532316661653936363035336164
39613232643461376230666430383435666564353737623062383966393663376339346233356162
343035643831623534643835303564646661
